21
6797599 5647738 -1284952
-2197315 -2871496 -6508196
8100310 -8347697 -9942939
-333132 -71 -5628424
1823207 2442828 -1902572
8244397 3856235 -2418635
9363720 6697344 7329138
4996799 -5149821 -6141109
1840184 3832632 -393456
3595585 6437362 8685148
5583955 3234961 4332886
-5700997 -8962353 -8538610
-2209193 9137956 -6886307
-2152133 -1195176 3113622
2219442 -9371968 -4443549
-9683129 8872428 9412685
-2101765 8236149 6110029
-4772627 3232948 -9039791
-913736 -4926867 4792841
8692808 8668718 1230203
7377956 4252673 -5534835